           1           1           1        2008  0.0000000E+00
           2           1           2        2008  0.0000000E+00
           3           1           3        2008  0.0000000E+00
           4           1           4        2008  0.0000000E+00
           5           1           5        2008  0.0000000E+00
           6           1           6        2008  0.0000000E+00
           7           1           7        2008  0.0000000E+00
           8           1           8        2008  0.0000000E+00
           9           1           9        2008  0.0000000E+00
          10           1          10        2008  0.0000000E+00
          11           1          11        2008  0.0000000E+00
          12           1          12        2008  0.0000000E+00
